   0.0000000e+00   0.0000000e+00   0.0000000e+00   0.0000000e+00   0.0000000e+00   0.0000000e+00
  -2.3651812e-03  -7.2402111e-03   2.0050987e-02   2.6012854e-05  -4.5514381e-05  -8.2428886e-05
  -4.1922347e-03  -3.2093566e-02   6.4190336e-02  -1.6246973e-04   2.0184853e-04  -3.2229356e-04
  -1.1355907e-03  -2.2945626e-03   1.0279602e-01  -5.0584419e-04   4.3935792e-04  -4.5479958e-04
   5.6680874e-04   1.5415789e-02   1.1949021e-01  -1.0045174e-03   7.4585767e-04  -5.7464396e-04
   8.8475160e-03  -3.6588979e-02   1.0428777e-01  -7.3301786e-04   8.7527499e-04  -5.7087364e-04
   8.5906554e-03  -2.1908273e-02   1.3916764e-01  -8.4564702e-04   8.1951152e-04  -3.1353206e-04
   6.1253352e-03   7.7059357e-03   1.4364323e-01  -8.2809793e-04   8.5903638e-04  -4.4677153e-05
   1.6769947e-03   9.1097576e-03   1.2701559e-01  -8.3284368e-04   1.0507640e-03   8.2645958e-05
   2.3021587e-03  -3.8653340e-02   1.0462884e-01  -7.1199138e-04   9.8133894e-04   1.6780260e-04
   5.8076701e-03  -1.7371042e-02   1.2212863e-01  -1.0078419e-03   9.0945696e-04   2.6372691e-04
   6.3895157e-03  -1.3242941e-02   1.2582699e-01  -8.1326422e-04   8.7290595e-04   2.6813283e-04
   6.2986267e-03  -2.8344887e-02   1.2578597e-01  -6.0021773e-04   1.1905596e-03   2.7905139e-04
   8.5678278e-03  -9.7058985e-03   1.3242597e-01  -7.3026314e-04   8.8450326e-04   3.2483101e-04
   1.4517452e-02  -2.0484891e-02   1.2833752e-01  -1.0382276e-03   8.8913322e-04   4.5776418e-04
   1.7831794e-02  -3.0819081e-02   1.4967249e-01  -1.1646796e-03   1.0682489e-03   4.3558348e-04
   1.6829405e-02  -1.0146438e-02   1.7027459e-01  -1.2779413e-03   1.0499158e-03   4.7938239e-04
   8.8803642e-03  -4.2342144e-02   1.4210152e-01  -6.2710769e-04   1.2580380e-03   4.4076549e-04
   1.1690639e-02  -2.4618701e-02   1.7190181e-01  -9.2100978e-04   1.3841666e-03   4.3030211e-04
   1.2130250e-02  -1.7520079e-02   1.6039206e-01  -8.9786913e-04   1.3956016e-03   3.7354613e-04
   1.5512202e-02  -4.4064540e-02   1.4381453e-01  -5.2320916e-04   1.4402002e-03   3.5608275e-04
   8.1866517e-03  -2.9491451e-02   1.4835709e-01  -7.0149055e-04   1.3901309e-03   4.1467800e-04
   2.3754665e-03  -3.0966562e-02   1.3998019e-01  -5.9594511e-04   1.2777861e-03   4.0353130e-04
  -6.8995848e-04  -2.8403460e-02   1.2488946e-01  -6.0858763e-04   1.2006829e-03   4.6783564e-04
  -3.3997199e-03  -1.1737293e-02   1.1460500e-01  -4.4429713e-04   1.1488538e-03   5.8404685e-04
   1.4840581e-03  -3.2683820e-02   1.0100358e-01  -2.5268782e-04   1.3304483e-03   4.2509014e-04
   1.4975457e-03  -8.1033223e-03   1.2012535e-01  -6.8081767e-04   1.4027058e-03   5.6442669e-04
   3.7830171e-03  -1.6118043e-02   1.0802850e-01  -5.7382290e-04   1.4773223e-03   2.2129852e-04
   5.1615922e-03  -2.0023834e-02   1.1980177e-01  -5.8486826e-04   1.6361079e-03   4.1936854e-04
   1.0659775e-03  -2.1403172e-05   1.1900262e-01  -6.5452287e-04   1.5497301e-03   6.1494392e-04
   4.3621113e-03  -2.4884189e-02   9.7152644e-02  -5.0187747e-05   1.9156189e-03   4.4217489e-04
   1.2140907e-02  -3.7408201e-03   1.3584987e-01  -3.9004024e-04   1.8562722e-03   4.6414264e-04
   6.8686847e-03   2.7165435e-02   1.2870229e-01  -3.7775294e-04   1.7520166e-03   6.2591863e-04
   7.7565397e-03  -1.6361187e-02   9.8928711e-02   3.1972862e-05   2.2485910e-03   3.7897807e-04
   8.1221770e-03  -4.0293041e-04   1.1926093e-01   9.7942624e-05   2.3152571e-03   3.3501029e-04
   5.5822546e-03   3.6339962e-02   1.2855062e-01   2.8064853e-05   2.3863450e-03   4.7972878e-04
   4.2885217e-03   1.0329232e-02   1.1189712e-01   2.9978987e-04   2.4743305e-03   3.9103935e-04
   2.9433220e-03   1.5184408e-02   1.3922586e-01   3.5362497e-04   2.4574487e-03   4.0970664e-04
  -2.3664244e-03   3.5645610e-02   1.4306367e-01   1.9058024e-04   2.5977356e-03   4.6018847e-04
   5.7079350e-04   6.5668970e-03   1.1969644e-01   1.6006391e-04   2.7483867e-03   2.3597966e-04
   8.9493998e-03   9.2092467e-04   1.4723646e-01   8.6668381e-05   2.7887752e-03   2.1940247e-04
   9.6730490e-03   4.1107054e-02   1.6765661e-01  -2.4996844e-04   2.3473859e-03   3.7729795e-04
   7.7621023e-03   4.2227406e-02   1.6751258e-01  -3.4487659e-04   2.2605530e-03   1.6246192e-04
   4.9968222e-03  -1.5777500e-02   1.6176357e-01  -2.4232440e-04   2.8339460e-03   1.2909260e-04
   5.8857736e-03   1.7246592e-02   1.8374502e-01  -5.7231162e-04   2.4687489e-03   2.7297084e-04
   6.9772690e-03   3.4563816e-02   1.8652694e-01  -4.3182091e-04   2.3252467e-03   5.7579261e-04
   9.0308321e-03  -1.0564135e-02   1.6120521e-01  -3.0469882e-04   2.6654062e-03   3.5679289e-04
   1.0682532e-02   2.0954840e-02   1.8385431e-01  -2.5792730e-04   2.7588386e-03   4.6558317e-04
   7.7413562e-03   5.6098401e-02   1.8693845e-01  -3.8917234e-04   2.3523108e-03   6.4039439e-04
   5.1052945e-03   5.7926770e-03   1.4136084e-01   3.8232362e-06   2.5076105e-03   5.1090383e-04
   8.8416641e-03   1.6354167e-02   1.6189761e-01   1.6169777e-04   2.4376315e-03   4.5620293e-04
   1.9668816e-03   3.7652790e-02   1.6860320e-01  -1.3562909e-04   2.5977811e-03   7.3722426e-04
  -2.4499208e-04   2.3020003e-02   1.5390252e-01   2.5084966e-05   2.9769428e-03   7.6505941e-04
  -8.2220645e-04   1.0366605e-02   1.5974629e-01   2.0733465e-04   2.9974500e-03   7.2269536e-04
  -2.8758560e-03   3.6308765e-02   1.4861613e-01   3.8900209e-04   2.7122186e-03   6.0566945e-04
   3.4328838e-03   3.2998425e-02   1.3343110e-01   5.5035141e-04   2.4670163e-03   3.8267251e-04
   4.7838645e-03   1.4143625e-02   1.4337439e-01   5.7143257e-04   2.6179558e-03   2.3847355e-04
  -3.2846621e-03   3.6701583e-02   1.5010893e-01   5.0847178e-04   2.1623299e-03   3.5451298e-04
  -5.1793189e-03   3.1114177e-02   1.5031318e-01   5.4111284e-04   2.4484413e-03   4.6686581e-04
  -8.5207146e-03   4.8736410e-03   1.4300486e-01   7.9682023e-04   2.8375937e-03   3.6652606e-04
  -9.9321796e-03   2.7540387e-02   1.4418828e-01   8.0553577e-04   2.6752802e-03   5.6398286e-04
  -6.0405401e-03   4.8102952e-03   1.1774556e-01   8.8306048e-04   2.9958711e-03   4.4727476e-04
   1.8277118e-03   2.7805490e-02   1.5906131e-01   7.3628284e-04   2.4958271e-03   6.5355299e-04
  -9.8778483e-03   6.9553262e-02   1.5668852e-01   6.9071161e-04   2.3430160e-03   9.6938728e-04
  -1.4389627e-02   5.8290427e-02   1.5750873e-01   8.3438766e-04   2.4773266e-03   1.1368166e-03
  -1.5038136e-02   6.8373327e-03   1.5041147e-01   1.1768533e-03   2.8293184e-03   8.2462613e-04
  -1.2537651e-02   2.2793723e-02   1.8244417e-01   8.9109984e-04   2.7467204e-03   6.9631595e-04
  -1.3183966e-02   4.4530465e-02   1.9382231e-01   7.9688285e-04   2.6878384e-03   1.0801346e-03
  -8.7037182e-03   4.1450672e-02   1.9537425e-01   5.4410758e-04   2.6774267e-03   1.2667351e-03
  -3.4572451e-03  -1.2248020e-02   1.8067132e-01   1.0115192e-03   3.1727377e-03   1.4666177e-03
  -5.5103931e-03   2.0519814e-02   1.9870043e-01   2.4897794e-04   3.2376871e-03   1.3817780e-03
  -8.3769282e-04   3.8327710e-02   1.9298415e-01   8.2905432e-05   3.2312300e-03   1.3874856e-03
   2.8153059e-03  -4.2359126e-03   1.5445865e-01   6.2733838e-04   3.3552718e-03   1.2923784e-03
   1.0971358e-03   1.1602577e-02   1.7459285e-01   6.2357110e-04   3.1949215e-03   1.1843870e-03
  -1.1837862e-03   2.8987546e-02   1.7612716e-01   3.0986984e-04   3.0150838e-03   1.1688225e-03
  -2.4045053e-03  -9.9494141e-03   1.6199080e-01   4.4163514e-04   3.2701503e-03   1.0120704e-03
   4.1786785e-03   2.6161816e-02   1.9134561e-01   4.4327680e-04   2.7889213e-03   8.8825536e-04
   3.0955471e-03   6.9057499e-02   2.0221048e-01   6.0076430e-04   2.5109687e-03   9.7636866e-04
  -1.9765440e-05   4.7115601e-02   1.7322449e-01   7.8638845e-04   2.9486701e-03   1.0724290e-03
  -1.6978143e-04   3.0776077e-02   1.8929198e-01   8.6679588e-04   3.1144671e-03   1.2575088e-03
  -7.1371614e-04   4.6534922e-02   1.8505099e-01   4.3262275e-04   3.1161349e-03   1.2406008e-03
  -3.9776811e-03   4.6847595e-02   1.7174288e-01   4.8433912e-04   3.2052953e-03   1.2662053e-03
  -1.8889639e-03   2.1626129e-02   1.6654733e-01   5.6745129e-04   3.5374964e-03   1.2131619e-03
  -9.8041148e-03   5.4031342e-02   1.7778781e-01   4.9474290e-04   3.4947712e-03   1.3544389e-03
  -1.0051091e-02   7.3129539e-02   1.8611870e-01   1.4464418e-04   3.3134566e-03   1.5071036e-03
  -2.0865504e-02   2.3480826e-02   1.5889442e-01   1.3405422e-03   3.3622341e-03   1.4720010e-03
  -9.3704168e-04   2.5175962e-02   1.8821367e-01   5.9867877e-04   3.5828711e-03   1.5418581e-03
   9.4641222e-03   7.1511653e-02   2.2128315e-01  -2.0078570e-04   3.3509837e-03   1.7855908e-03
   5.3595868e-03   8.1365658e-02   2.0140295e-01   1.3634513e-04   3.3331599e-03   1.9594048e-03
   6.9101903e-03   2.9210324e-02   1.6317573e-01   3.1791927e-04   3.8521546e-03   2.0003652e-03
   8.3964505e-03   5.8493003e-02   1.9160174e-01   2.0381685e-04   3.8973617e-03   2.0452394e-03
   3.9912973e-03   8.3974561e-02   1.9731458e-01  -7.2913421e-05   3.7824317e-03   2.1141534e-03
   1.2283009e-02   4.5763334e-02   1.7326986e-01   1.6100657e-04   3.8963433e-03   2.1437961e-03
   1.8042864e-02   2.5276148e-02   1.8118900e-01   2.3021063e-04   4.2237558e-03   1.8787142e-03
   1.8352737e-02   7.3999438e-02   1.9029460e-01  -2.3621505e-04   4.1400446e-03   1.6951940e-03
   1.7707161e-02   1.0349252e-01   2.0332297e-01  -5.9117559e-04   4.1259852e-03   1.7585571e-03
   1.0644029e-02   4.8444131e-02   1.5193416e-01   1.0219520e-04   4.6796092e-03   1.9209983e-03
   6.6787384e-03   6.3372296e-02   1.6246716e-01   8.6615671e-05   4.5233672e-03   1.9266382e-03
   6.5183825e-03   7.7940689e-02   1.5407563e-01   1.0066265e-04   4.4050646e-03   2.0673277e-03
   8.8174399e-03   5.3232365e-02   1.3623250e-01   7.7982429e-05   4.7729058e-03   1.8348895e-03
   1.0775884e-02   5.1682254e-02   1.6337661e-01   1.1134901e-04   4.8666528e-03   1.9081438e-03
   8.1502331e-03   7.5737056e-02   1.7549589e-01  -3.3521900e-05   4.6131085e-03   2.1623930e-03
   2.6935600e-03   5.1912506e-02   1.5956502e-01   3.4287827e-04   4.5997777e-03   2.2335274e-03
   9.6245900e-04   5.2102572e-02   1.8016565e-01   1.5518427e-04   4.6122041e-03   2.1412531e-03
  -2.2588848e-03   8.9061087e-02   1.8615334e-01   2.2717322e-05   4.6736855e-03   2.2078272e-03
  -6.9688073e-04   5.8875620e-02   1.6002827e-01   2.4252508e-04   4.9518985e-03   2.0776277e-03
   3.5465088e-03   4.4413316e-02   1.8288325e-01   3.9136081e-04   4.8434826e-03   2.0356630e-03
   5.2874090e-03   6.7725376e-02   1.8884722e-01   3.9864841e-05   4.9735852e-03   2.3430992e-03
   8.6904351e-03   6.0250252e-02   1.7290557e-01   1.8491416e-04   5.1487006e-03   2.2193179e-03
   1.1218569e-02   3.0218224e-02   1.7040236e-01   2.3360520e-04   5.3052789e-03   2.1191355e-03
   1.7696405e-02   7.2983944e-02   2.0036093e-01  -1.1494700e-04   5.0519060e-03   2.2118911e-03
   2.0990186e-02   9.3382749e-02   2.0919270e-01  -1.2341754e-04   5.1669106e-03   2.5774445e-03
   1.5693322e-02   4.0904938e-02   1.9010584e-01  -4.9113060e-05   4.9832246e-03   2.5235620e-03
   1.2657705e-02   6.2931303e-02   1.9291763e-01  -3.2419607e-04   4.8427233e-03   2.3179438e-03
   1.3839585e-03   8.3000478e-02   1.7411676e-01  -3.3764137e-04   4.8723049e-03   2.3142572e-03
   2.6931560e-03   3.5343846e-02   1.4518148e-01  -1.0642241e-04   5.1156456e-03   2.3256807e-03
   4.9862573e-03   6.4196176e-02   1.5814618e-01  -1.0611474e-04   4.4917085e-03   2.2821162e-03
   1.3953719e-03   9.4420410e-02   1.6211705e-01  -2.5982430e-04   4.5302024e-03   2.5503726e-03
  -1.1921378e-04   5.0940995e-02   1.3269042e-01   3.5768505e-04   4.7113253e-03   2.6091462e-03
   7.8978273e-03   3.6100297e-02   1.3041755e-01   3.1884213e-04   4.3986090e-03   2.7692363e-03
   1.0345468e-02   5.2862675e-02   1.1613805e-01   4.0174323e-04   3.8574672e-03   2.5554870e-03
   1.1064457e-02   3.7299446e-02   9.5031636e-02   8.2016046e-04   3.7392825e-03   2.2047763e-03
   1.2053248e-02   4.0039300e-02   1.1738125e-01   1.0707967e-03   3.7496486e-03   2.2285104e-03
   7.9558269e-03   6.4838577e-02   1.4424571e-01   8.9852044e-04   3.6242397e-03   2.4673270e-03
   4.7452186e-03   3.3731613e-02   1.1905432e-01   1.1723894e-03   3.8027754e-03   2.4563755e-03
   8.1400974e-03   4.1753475e-02   1.4582379e-01   1.1377701e-03   3.7963113e-03   2.4492104e-03
   5.0382639e-03   6.2988563e-02   1.4429579e-01   9.0404354e-04   3.8261607e-03   2.5560117e-03
   2.3995821e-03   3.5069722e-02   1.1480844e-01   1.1704174e-03   4.0631735e-03   2.2763426e-03
  -6.8263843e-05   4.7123792e-02   1.3804676e-01   1.2706116e-03   3.9705985e-03   2.2789745e-03
  -4.1392868e-03   6.7781406e-02   1.3217170e-01   1.1835383e-03   3.7564579e-03   2.3414691e-03
  -2.0245049e-03   2.5317645e-02   1.0091562e-01   1.2500893e-03   4.0133414e-03   2.3656002e-03
   6.0467064e-03   6.4589355e-02   1.2770879e-01   1.0238720e-03   3.8877501e-03   2.2785015e-03
   2.1604719e-03   1.0786661e-01   1.2652907e-01   9.8362892e-04   3.6643968e-03   2.3326003e-03
   2.9392412e-04   6.7368842e-02   1.0158910e-01   1.3333517e-03   4.0122477e-03   2.5860284e-03
   2.8046009e-03   5.5886319e-02   1.1605369e-01   1.3059905e-03   4.2709814e-03   2.5257178e-03
  -3.4400826e-03   6.8934663e-02   1.0967347e-01   1.0936924e-03   4.1900348e-03   2.4727371e-03
  -9.8289685e-03   4.5536546e-02   9.3543730e-02   1.1650779e-03   4.1218521e-03   2.2163802e-03
  -7.4248191e-03   2.5976317e-02   1.1112123e-01   1.1452760e-03   4.2301604e-03   2.0512862e-03
  -8.8011447e-03   5.6763586e-02   1.2652044e-01   1.0673051e-03   4.0515938e-03   2.2735457e-03
  -4.2500118e-03   7.6900894e-02   1.3475528e-01   1.0519800e-03   4.0847145e-03   2.7560397e-03
  -5.8658181e-03   2.8645244e-02   1.1473469e-01   1.4106434e-03   4.3919099e-03   2.8277870e-03
  -8.5815137e-03   4.7356023e-02   1.2098227e-01   1.5640915e-03   4.1379589e-03   2.7781255e-03
  -1.5585830e-02   6.7692656e-02   1.1233627e-01   1.3610951e-03   3.9614914e-03   2.6675827e-03
  -1.1015030e-02   2.3133523e-02   8.5834222e-02   1.6755932e-03   4.3514176e-03   2.5144770e-03
  -1.0680130e-02   5.0140332e-02   1.2124349e-01   1.3449290e-03   4.3768171e-03   2.3467994e-03
  -1.2747342e-02   7.7859724e-02   1.2553813e-01   9.3604121e-04   4.1434203e-03   2.7715935e-03
  -1.0188064e-02   5.1716453e-02   6.4119346e-02   1.2540884e-03   4.1414190e-03   1.9771781e-03
   2.0580840e-03   5.4521901e-02   3.0867223e-02   1.4339462e-03   3.4681082e-03   1.2702073e-03
  -1.0399967e-02   1.0144130e-01   4.0921685e-02   1.8479355e-03   2.7096782e-03   1.4037585e-03
  -1.2206778e-02   1.2399317e-01   8.9594860e-02   2.0892800e-03   2.6579918e-03   1.5114554e-03
  -9.3219283e-03   6.9937848e-02   6.8010695e-02   2.1583711e-03   3.4502728e-03   1.7074145e-03
  -1.0048594e-02   9.3050249e-02   1.0142765e-01   1.8270107e-03   3.4198232e-03   1.8588976e-03
  -1.4065967e-02   1.1803822e-01   9.9973939e-02   1.6234020e-03   3.4282105e-03   2.0010647e-03
  -1.5605352e-02   7.0661900e-02   7.6022725e-02   2.1025325e-03   3.5581995e-03   1.8509454e-03
  -1.5118785e-02   8.6255177e-02   1.1168246e-01   2.0038253e-03   3.6363438e-03   1.9179744e-03
  -1.6517765e-02   1.0482098e-01   1.1028662e-01   1.9048969e-03   3.4859675e-03   1.9794470e-03
  -8.2203102e-03   7.6404454e-02   9.1091473e-02   2.1164057e-03   3.7702944e-03   1.9620288e-03
  -9.1455735e-03   5.8484969e-02   1.0693371e-01   2.2760020e-03   4.0691730e-03   1.9310855e-03
  -1.6859399e-02   7.9405158e-02   9.5797553e-02   1.9807196e-03   4.0032950e-03   2.0163761e-03
  -1.7997220e-02   7.3775794e-02   8.5379921e-02   1.9706953e-03   4.1985516e-03   1.7849609e-03
  -8.3222082e-03   7.1175723e-02   9.1507378e-02   2.0576328e-03   3.8858916e-03   1.7008432e-03
  -7.2168230e-03   1.0655954e-01   1.0945869e-01   1.7799400e-03   3.6523784e-03   1.8953859e-03
  -1.1566394e-02   8.2711171e-02   9.5832740e-02   1.7799836e-03   4.1064477e-03   2.1522598e-03
  -1.2819508e-02   6.6999454e-02   8.9611804e-02   2.2439208e-03   4.0494343e-03   2.0360849e-03
  -1.5845360e-02   1.1114650e-01   9.0351341e-02   2.0287639e-03   4.1066527e-03   1.9123232e-03
  -1.4377707e-02   1.1704226e-01   7.8885263e-02   2.0599050e-03   4.1930369e-03   1.9054405e-03
  -1.9732302e-02   6.8737720e-02   4.7778000e-02   2.3394088e-03   4.6539610e-03   1.6059627e-03
  -1.8711109e-02   1.0041017e-01   7.3523342e-02   2.2531658e-03   4.5637814e-03   1.5832440e-03
  -2.1780342e-02   1.1891927e-01   8.6105218e-02   2.4470233e-03   4.4200816e-03   2.0150658e-03
  -2.2319813e-02   7.6032613e-02   6.0713679e-02   2.7564602e-03   4.7763588e-03   2.0920826e-03
  -1.9133590e-02   1.0276537e-01   9.6721746e-02   2.4204246e-03   4.5175704e-03   2.1321066e-03
  -2.0780128e-02   1.2858023e-01   9.6733088e-02   2.2655280e-03   4.4884618e-03   2.3159025e-03
  -2.3929508e-02   1.0476909e-01   7.9060004e-02   2.2808787e-03   4.4944899e-03   2.2464605e-03
  -2.7037324e-02   9.0877120e-02   9.0833389e-02   2.2319490e-03   4.5773221e-03   2.0864055e-03
  -3.6122050e-02   1.1805335e-01   9.9521404e-02   2.0693562e-03   4.5795337e-03   2.0398456e-03
  -3.0369044e-02   1.2275492e-01   1.0351317e-01   2.0289162e-03   4.5650876e-03   2.1520112e-03
  -2.5215177e-02   8.9700561e-02   8.9631492e-02   2.3195788e-03   4.7775470e-03   2.2094980e-03
  -2.6517861e-02   1.0011905e-01   9.6004863e-02   2.1653718e-03   5.0037087e-03   2.2082394e-03
  -3.5461240e-02   7.3438390e-02   6.7841111e-02   2.4251194e-03   5.1822403e-03   2.2346711e-03
  -2.5280483e-02   9.5190793e-02   1.1569907e-01   2.1783617e-03   5.1239605e-03   2.2123279e-03
  -2.9020966e-02   1.2353262e-01   1.1777964e-01   1.8098824e-03   5.1137462e-03   2.3879636e-03
  -2.5729543e-02   7.7822230e-02   7.0952570e-02   2.2703828e-03   5.4368004e-03   2.2569864e-03
  -2.2783344e-02   9.1295873e-02   9.1187344e-02   2.2576914e-03   5.5929812e-03   2.3211052e-03
  -1.9697610e-02   1.1379329e-01   1.0673823e-01   1.8776069e-03   5.7120136e-03   2.4241701e-03
  -1.8947772e-02   7.4199864e-02   7.7610804e-02   2.5709424e-03   5.8140392e-03   2.4764659e-03
  -9.7678171e-03   9.1026772e-02   1.0759129e-01   2.2211006e-03   5.7396320e-03   2.6050936e-03
  -1.4249152e-02   1.1042868e-01   9.8922409e-02   1.8138596e-03   5.6510752e-03   2.6612904e-03
  -1.9013372e-02   7.3430724e-02   7.3074401e-02   2.2047602e-03   6.0137654e-03   2.5138344e-03
  -1.7290861e-02   8.2592118e-02   8.9035572e-02   2.2159487e-03   5.8468000e-03   2.5362433e-03
  -2.0971417e-02   1.0086317e-01   8.8608172e-02   2.3735668e-03   6.0086081e-03   2.5044603e-03
  -1.7176345e-02   5.6039759e-02   5.2791755e-02   2.3642586e-03   6.2799989e-03   2.4796734e-03
  -1.2416530e-02   7.0386170e-02   8.8880435e-02   1.8997695e-03   5.9205066e-03   2.4122426e-03
  -2.2229180e-02   1.1460979e-01   8.2868620e-02   1.7649734e-03   5.6854175e-03   2.3516697e-03
  -2.1114351e-02   9.1708562e-02   6.9468775e-02   1.8543268e-03   5.8803128e-03   2.1096451e-03
  -1.9246775e-02   8.3665122e-02   7.4959163e-02   2.2969447e-03   5.8872877e-03   2.0311525e-03
  -2.0819740e-02   1.1638483e-01   8.8404136e-02   2.0560407e-03   5.6571996e-03   2.3879077e-03
  -2.6025428e-02   1.0316644e-01   6.6659171e-02   2.1931885e-03   5.7098146e-03   2.3344492e-03
  -1.7026312e-02   1.0225207e-01   9.2196177e-02   2.1479073e-03   5.6985089e-03   2.5608212e-03
  -2.8160335e-02   1.4573216e-01   7.7072182e-02   1.8692613e-03   5.4104246e-03   2.6599025e-03
  -3.2453817e-02   1.2997643e-01   6.5406037e-02   2.2695288e-03   5.6353667e-03   2.6172945e-03
  -4.9988730e-02   9.3660528e-02  -5.6794151e-03   3.2006722e-03   5.3763676e-03   2.6554887e-03
  -6.1924395e-02   7.1964612e-02  -5.0424070e-02   3.1956859e-03   5.5541024e-03   2.6681367e-03
  -1.4295564e-02   1.2108103e-01   4.1473715e-02   2.9821808e-03   6.0032402e-03   3.1452463e-03
  -1.1145276e-02   1.2448535e-01   5.0763289e-02   2.7569949e-03   6.1889288e-03   3.3993024e-03
  -1.3400950e-02   9.2485427e-02   5.2181473e-02   3.2255459e-03   6.7700276e-03   3.4327523e-03
  -1.0873982e-02   1.2102377e-01   8.1143064e-02   2.9320127e-03   6.7231333e-03   3.5084415e-03
  -1.2217787e-02   1.3854291e-01   1.0023918e-01   3.0229591e-03   7.0286098e-03   3.7109653e-03
  -1.2547469e-02   1.0106984e-01   9.3064932e-02   2.9813730e-03   7.0699862e-03   3.6344829e-03
  -1.3101173e-02   1.2518411e-01   1.2099514e-01   2.5550219e-03   6.8675467e-03   3.4249144e-03
  -1.8761020e-02   1.2785591e-01   1.0228042e-01   2.4328405e-03   6.7833353e-03   3.3680513e-03
  -1.3462571e-02   9.4572421e-02   9.1488778e-02   2.6641814e-03   7.1272301e-03   3.4651669e-03
  -1.7884830e-02   1.0163871e-01   8.4108249e-02   2.5154068e-03   7.1940936e-03   3.3012192e-03
  -1.4494831e-02   9.1771582e-02   5.8528356e-02   2.5245028e-03   7.0265859e-03   3.3855002e-03
  -1.5748916e-02   1.0971147e-01   7.5855715e-02   2.4736019e-03   6.8617296e-03   3.2187061e-03
  -1.8611575e-02   1.4724190e-01   8.7425645e-02   2.3324914e-03   6.9518986e-03   3.3079520e-03
  -2.1261180e-02   1.2062558e-01   4.9223512e-02   2.3728506e-03   7.4154745e-03   2.8878836e-03
  -1.3530826e-02   1.4326368e-01   8.9211224e-02   2.2577124e-03   7.2756473e-03   2.6981951e-03
  -5.4669657e-03   1.6036239e-01   1.2256647e-01   2.4044497e-03   6.8956346e-03   3.4331755e-03
  -6.8777286e-03   1.1275294e-01   9.7869414e-02   2.6786026e-03   7.2325262e-03   3.6763989e-03
  -1.7467394e-03   1.3046226e-01   1.3743545e-01   2.2756739e-03   7.0537835e-03   3.7589125e-03
  -7.7758838e-03   1.5664033e-01   1.4119177e-01   2.1663294e-03   7.3541583e-03   3.9609720e-03
  -1.0985642e-02   1.2335481e-01   1.1620522e-01   2.5710762e-03   7.4858588e-03   4.0507879e-03
  -8.4120397e-03   1.3013153e-01   1.2747653e-01   2.8048259e-03   7.5349281e-03   4.2249847e-03
  -1.3909129e-02   1.5197725e-01   1.2156113e-01   2.6731874e-03   7.5139128e-03   4.2596299e-03
  -1.2886383e-02   1.1200549e-01   1.0117903e-01   3.0435225e-03   7.5719546e-03   4.2593604e-03
  -5.8749481e-03   1.2976013e-01   1.2315778e-01   2.6784017e-03   7.5259684e-03   4.3684403e-03
  -3.1292064e-03   1.4163873e-01   1.1513647e-01   2.8013307e-03   7.7602547e-03   4.3422689e-03
  -4.1477013e-03   1.1039649e-01   1.0222306e-01   3.0380433e-03   7.7084184e-03   4.3289230e-03
   2.2942478e-03   1.4484437e-01   1.3971725e-01   2.3958553e-03   7.5988326e-03   4.4823903e-03
   1.4044707e-03   1.7360542e-01   1.5117630e-01   2.3414509e-03   7.2294187e-03   4.5790179e-03
  -9.0523952e-03   1.3116886e-01   1.0578589e-01   2.9012124e-03   7.1158463e-03   4.3189407e-03
  -9.3050056e-03   1.4799721e-01   1.2056310e-01   2.7547327e-03   6.9790878e-03   4.0700237e-03
  -7.9308257e-03   1.6537224e-01   1.2738158e-01   2.7367549e-03   7.2059540e-03   4.3827842e-03
  -7.6282240e-03   1.3973892e-01   9.9992660e-02   2.7721337e-03   7.4046191e-03   4.3519944e-03
  -2.3722885e-03   1.4087847e-01   1.2028541e-01   2.8486501e-03   7.2463276e-03   4.4252757e-03
   2.2947484e-04   1.6603398e-01   1.1759378e-01   2.6254747e-03   7.0838656e-03   4.4562880e-03
  -1.6145770e-04   1.3024100e-01   9.1690853e-02   2.9778871e-03   7.2307425e-03   4.3615982e-03
   2.0322224e-03   1.3415311e-01   1.1473622e-01   3.0174554e-03   6.9986878e-03   4.1715095e-03
  -4.5496100e-04   1.4585832e-01   1.2991763e-01   3.1311797e-03   7.2524738e-03   4.2920542e-03
   1.5974709e-03   9.8507897e-02   7.9368491e-02   3.2257626e-03   6.7206287e-03   3.5214409e-03
   2.3551373e-03   1.2062757e-01   9.7869027e-02   2.7166527e-03   6.3098326e-03   3.0973891e-03
   3.1479471e-03   1.4071097e-01   9.3741833e-02   2.7896538e-03   6.5987476e-03   3.2885708e-03
   5.2169298e-03   9.7309375e-02   5.5366349e-02   2.9999538e-03   6.7543173e-03   3.2854663e-03
   5.5969563e-03   1.2771570e-01   1.0161340e-01   2.8159625e-03   6.9876449e-03   3.7837737e-03
   1.7667004e-03   1.4306434e-01   1.0562008e-01   2.5986176e-03   7.1134908e-03   3.9729836e-03
  -1.0141532e-03   1.0562867e-01   8.1883313e-02   3.2676344e-03   7.3997790e-03   4.0550236e-03
   2.3471330e-03   1.2191173e-01   1.0017890e-01   2.8096912e-03   7.2706589e-03   4.0402122e-03
   4.1956135e-03   1.1949713e-01   8.0510825e-02   2.9212263e-03   7.0152083e-03   4.0094028e-03
   2.0051391e-03   1.1681680e-01   7.0109257e-02   3.2682977e-03   6.6808864e-03   3.5915974e-03
  -3.2560491e-03   1.6167126e-01   8.2460561e-02   3.0225302e-03   6.5451103e-03   3.5966863e-03
  -2.5292235e-03   1.5826991e-01   6.7031496e-02   3.0251795e-03   6.4269115e-03   3.4540637e-03
  -4.6921346e-03   1.3893510e-01   7.4556584e-02   3.3103114e-03   6.3322666e-03   3.6943645e-03
  -1.3415142e-02   1.6290510e-01   9.6604346e-02   2.9708899e-03   6.3652397e-03   3.7447180e-03
  -1.6472394e-02   1.4239970e-01   8.7550197e-02   2.8821996e-03   6.6093631e-03   3.9157207e-03
  -9.1528203e-03   1.0948141e-01   9.6407476e-02   2.6325031e-03   6.8255435e-03   3.9291399e-03
  -6.3192677e-03   1.3540007e-01   1.0064959e-01   2.0795807e-03   6.9523194e-03   3.7047596e-03
  -4.1522026e-03   1.3837849e-01   8.7007608e-02   2.1539289e-03   6.8854224e-03   3.5347845e-03
  -3.8799830e-04   1.0925714e-01   9.2905496e-02   2.3288138e-03   6.7634178e-03   3.5296222e-03
  -4.6992853e-03   1.3789176e-01   1.1991291e-01   1.9553289e-03   6.6895403e-03   3.4748613e-03
  -8.0910714e-03   1.4337257e-01   1.1832930e-01   2.0372216e-03   6.8341824e-03   3.3384222e-03
  -4.2115161e-03   9.8571941e-02   9.3627285e-02   2.2320464e-03   6.9731520e-03   3.3294475e-03
  -5.0513788e-03   1.3676637e-01   1.0906539e-01   1.9276096e-03   6.8257172e-03   3.4162673e-03
  -1.1228148e-03   1.5106114e-01   1.2228582e-01   1.6296840e-03   6.9964043e-03   3.6084077e-03
